499 89
34 887
28 6916
44 8336
37 493
50 1422
13 28
41 60
14 3927
41 3427
23 5737
12 5369
18 6430
33 1531
13 5124
18 3136
30 9803
23 3059
20 8168
44 8457
12 8043
30 7374
22 4920
35 8538
49 4325
16 4371
14 3527
42 8981
7 1874
13 9171
47 7282
6 926
35 6328
37 6506
47 1730
14 5858
25 3896
33 546
15 3368
35 365
44 3751
38 6809
27 7179
39 3585
4 2652
5 2400
33 5061
27 3369
40 13
27 8587
45 7540
46 571
35 379
18 6602
48 2903
18 493
3 757
2 281
37 9442
16 9690
45 6620
41 4730
32 8118
48 5772
32 676
10 8928
18 7857
48 2354
37 6966
7 4684
20 8625
29 2872
33 8830
4 20
21 3369
9 6716
41 8150
47 724
19 2246
47 3452
22 3556
30 7489
15 8229
42 2351
44 1501
35 7765
25 4915
38 5857
44 6492
28 8366
10 1937
33 2552
38 9229
26 5408
25 6122
9 4396
30 1238
36 3794
19 4429
44 1012
29 9530
27 2405
44 5764
14 4539
7 6841
5 4819
29 689
20 7918
18 6997
25 7744
21 2184
41 5500
23 6726
45 5591
6 8140
5 9787
20 8083
43 8465
48 9508
6 8805
49 8612
23 7829
50 7344
47 5569
41 5423
12 3811
6 1802
12 3731
29 1306
21 8737
45 8627
23 3466
9 3417
33 3259
25 7638
13 5625
1 2037
3 1900
30 5551
19 72
24 7132
32 4931
34 5895
11 164
50 7982
50 2997
10 3774
14 9669
41 1096
27 6467
35 1341
41 7685
27 5543
37 9108
46 9757
30 8419
38 9413
49 2173
10 2010
37 5211
43 7588
7 9302
14 7373
22 1256
20 4600
22 9905
40 9812
41 5668
6 6229
28 9151
35 6659
21 9225
23 7270
47 4082
31 85
43 1973
23 3851
26 5386
23 9300
41 6043
49 714
49 6191
25 2591
10 8582
20 9337
33 1156
45 8005
30 4770
24 1777
1 7256
11 8143
30 5885
44 3206
22 9568
5 614
12 2755
27 4260
45 8203
3 3507
35 2022
43 869
29 5190
23 9909
9 499
37 8809
4 6249
4 3334
34 1649
41 9755
18 1747
19 9530
1 8047
39 9798
50 6991
4 3034
14 2498
4 4893
37 9126
3 3997
26 9189
8 3730
37 2461
15 3922
11 6305
29 8028
1 6749
7 8903
45 7698
50 1044
40 2003
29 6404
1 682
48 8539
10 5152
36 2135
40 1693
16 6128
5 5630
50 965
36 6430
44 6336
28 2901
39 7972
50 290
18 7989
43 5796
44 3145
30 8391
33 5341
42 570
27 4233
12 6043
11 9118
24 6762
32 6310
41 5426
47 6368
28 4235
41 1627
25 6058
15 3169
6 359
13 7387
1 4347
27 4995
17 6553
29 3530
47 2291
48 6971
2 9081
32 8594
8 8628
13 1887
15 8356
13 91
13 9480
11 8970
40 2275
6 7642
21 5434
38 7889
39 4567
21 7285
7 418
7 2261
50 238
6 3060
18 8519
46 784
24 8459
24 7638
40 484
8 479
8 9315
22 5730
1 3460
19 9439
26 1389
25 1234
8 3682
44 359
21 700
18 1840
20 8364
23 8795
24 9848
32 7463
33 9391
43 5792
8 5116
22 6158
25 1492
48 2952
32 5022
38 3741
5 4031
49 5326
32 7517
17 3003
32 6140
47 5405
39 4581
19 9022
21 9863
13 5380
28 2686
37 9905
27 3484
8 9760
8 9745
50 9912
28 3951
37 7561
19 5106
14 50
45 8712
6 9935
42 7376
6 3615
40 3769
44 4919
6 6883
23 6983
18 4031
44 1575
27 6594
37 254
44 3075
15 4714
30 8378
13 5776
39 2920
11 6733
45 1018
47 236
38 5692
4 3944
24 6329
26 9292
11 4019
18 6837
14 5056
41 3859
31 4905
22 2662
34 9686
40 3074
5 6852
6 9251
19 6504
36 9007
46 4640
50 1121
18 227
14 7678
47 3982
16 7561
37 7956
21 3519
12 6343
33 5197
30 7322
21 4985
23 4428
35 2041
34 73
49 5831
14 348
1 2031
24 3715
10 7523
48 6925
33 9436
33 9205
5 444
49 5487
41 4279
10 263
13 9684
42 9849
24 8325
23 9123
5 7336
22 7458
16 2748
22 1777
20 5219
2 1704
4 9934
8 3960
29 2807
48 8721
35 1309
35 2699
42 6377
49 2716
3 5172
40 1560
7 4011
17 8225
10 6540
1 3379
10 5054
32 9115
39 5990
27 8068
48 5224
38 2232
33 2123
32 3876
1 180
41 2255
1 1132
14 7858
45 9182
32 4604
21 2434
33 182
38 9416
47 8826
5 8723
43 552
48 33
35 3182
7 416
8 9709
46 10000
13 2298
34 5777
5 8978
10 2588
33 3383
22 4267
14 8861
33 9212
36 9087
36 931
41 4584
15 1477
17 5821
43 7526
29 8840
26 7491
37 1361
19 7644
38 929
33 6622
11 7956
39 4226
16 4571
38 854
9 7723
34 2351
8 9098
28 9127
20 2072
2 3150
11 529
40 8399
39 6611
44 8578
41 8977
50 4553
32 6088
28 100
8 8567
3 7018
42 2736
19 1299
35 3196
27 5806
17 3429
5 2529
9 9594
29 2198
6 9673
25 6446
1 2326
48 8284
13 6128
