1.0 distance (25,7638) (24,7638)
2.0 distance (24,1777) (22,1777)
2.0 distance (7,418) (7,416)
2.23606797749979 distance (27,4233) (28,4235)
2.23606797749979 distance (6,9935) (4,9934)
2.8284271247461903 distance (36,931) (38,929)
3.0 distance (41,5423) (41,5426)
3.0 distance (38,9413) (38,9416)
3.0 distance (16,6128) (13,6128)
3.605551275463989 distance (50,238) (47,236)
3.605551275463989 distance (39,4581) (41,4584)
4.0 distance (43,5796) (43,5792)
4.123105625617661 distance (42,8981) (41,8977)
4.123105625617661 distance (46,571) (42,570)
4.123105625617661 distance (18,7857) (14,7858)
4.123105625617661 distance (19,4429) (23,4428)
4.123105625617661 distance (12,3731) (8,3730)
4.123105625617661 distance (22,9905) (23,9909)
4.123105625617661 distance (44,3075) (40,3074)
4.47213595499958 distance (30,7489) (26,7491)
4.47213595499958 distance (15,8229) (17,8225)
4.47213595499958 distance (14,5056) (10,5054)
5.0990195135927845 distance (14,3927) (15,3922)
5.385164807134504 distance (46,9757) (41,9755)
5.830951894845301 distance (22,4920) (25,4915)
5.830951894845301 distance (6,8140) (11,8143)
6.0 distance (27,3369) (21,3369)
6.0 distance (1,2037) (1,2031)
6.082762530298219 distance (15,3368) (21,3369)
6.082762530298219 distance (44,1012) (45,1018)
6.4031242374328485 distance (30,1238) (25,1234)
6.4031242374328485 distance (23,9123) (28,9127)
6.708203932499369 distance (16,9690) (13,9684)
6.708203932499369 distance (48,2354) (42,2351)
6.708203932499369 distance (29,1306) (35,1309)
7.0 distance (33,9205) (33,9212)
7.0710678118654755 distance (23,5737) (22,5730)
7.211102550927978 distance (37,9442) (33,9436)
7.810249675906654 distance (24,7638) (19,7644)
8.0 distance (42,2351) (34,2351)
8.06225774829855 distance (44,8457) (43,8465)
8.06225774829855 distance (12,2755) (16,2748)
8.06225774829855 distance (29,5190) (33,5197)
8.246211251235321 distance (28,8366) (20,8364)
8.48528137423857 distance (25,7638) (19,7644)
8.54400374531753 distance (30,5551) (27,5543)
8.54400374531753 distance (23,9300) (26,9292)
8.602325267042627 distance (27,8587) (32,8594)
8.602325267042627 distance (37,9108) (32,9115)
8.602325267042627 distance (27,4260) (22,4267)
8.94427190999916 distance (48,5772) (44,5764)
8.94427190999916 distance (14,9669) (6,9673)
8.94427190999916 distance (11,4019) (7,4011)
9.055385138137417 distance (37,9126) (28,9127)
9.433981132056603 distance (13,5124) (8,5116)
9.433981132056603 distance (13,5625) (5,5630)
9.433981132056603 distance (15,8356) (20,8364)
9.486832980505138 distance (37,493) (40,484)
9.486832980505138 distance (45,8712) (48,8721)
10.0 distance (29,9530) (19,9530)
10.0 distance (11,8970) (5,8978)
10.198039027185569 distance (47,724) (49,714)
10.295630140987 distance (30,9803) (39,9798)
10.295630140987 distance (47,6368) (42,6377)
10.63014581273465 distance (14,3527) (21,3519)
10.770329614269007 distance (33,8830) (29,8840)
10.770329614269007 distance (34,5895) (30,5885)
10.816653826391969 distance (35,365) (44,359)
10.816653826391969 distance (18,493) (9,499)
10.816653826391969 distance (45,6620) (39,6611)
10.816653826391969 distance (25,6122) (16,6128)
11.045361017187261 distance (12,5369) (13,5380)
11.045361017187261 distance (35,6328) (24,6329)
11.180339887498949 distance (7,6841) (5,6852)
11.180339887498949 distance (32,7463) (22,7458)
11.661903789690601 distance (33,546) (43,552)
11.661903789690601 distance (44,3751) (38,3741)
11.661903789690601 distance (25,4915) (31,4905)
11.661903789690601 distance (27,4995) (21,4985)
11.704699910719626 distance (12,8043) (1,8047)
11.704699910719626 distance (7,6841) (18,6837)
12.041594578792296 distance (13,28) (4,20)
12.041594578792296 distance (35,6328) (44,6336)
12.041594578792296 distance (15,3368) (27,3369)
12.041594578792296 distance (18,6602) (27,6594)
12.041594578792296 distance (23,9123) (32,9115)
12.083045973594572 distance (37,6966) (48,6971)
12.083045973594572 distance (37,9126) (32,9115)
12.165525060596439 distance (30,7374) (42,7376)
